function Y = DynamicRegressor(q, dq, ddq, dq_des, ddq_des)
    q1 = q(1); q2 = q(2); q3 = q(3); q4 = q(4); q5 = q(5); q6 = q(6);
    dq1 = dq(1); dq2 = dq(2); dq3 = dq(3); dq4 = dq(4); dq5 = dq(5); dq6 = dq(6);
    ddq1 = ddq(1); ddq2 = ddq(2); ddq3 = ddq(3); ddq4 = ddq(4); ddq5 = ddq(5); ddq6 = ddq(6);
    
    % Numerical values taken from the dynamic equations studied in
    % ABBIRB_dynamics using symbolic variables
    Y = [
            [(4169407900187218030358827229630113074862149325591861919078648681*ddq1)/6277101735386680763835789423207666416102355444464034512896, 0, 0, 0, (30027697816985027854101908072881*ddq1)/2135987035920910082395021706169552114602704522356652769947041607822219725780640550022962086936576, 0, -(5479753444908359*ddq1)/1461501637330902918203684832716283019655932542976, 0, 0, ddq1, (547866284636161315*ddq1)/19807040628566084398385987584 + (4192162393977994748127731966289250423919346019624579366773351561*ddq2)/6277101735386680763835789423207666416102355444464034512896 - 130473/20, 0, 0, 0, ddq2/6582018229284824168619876730229402019930943462534319453394436096 - (5479753444908359*ddq1)/118571099379011784113736688648896417641748464297615937576404566024103044751294464, ddq2/81129638414606681695789005144064, ddq1/81129638414606681695789005144064 + (4967757600021511*ddq2)/6582018229284824168619876730229402019930943462534319453394436096, ddq2, ddq1 + (4967757600021511*ddq2)/81129638414606681695789005144064, (4967757600021511*ddq1)/81129638414606681695789005144064 + (24678615572571482867467662723121*ddq2)/6582018229284824168619876730229402019930943462534319453394436096, (416628786029096422455117397333565936409578771467*ddq1)/12554203470773361527671578846415332832204710888928069025792 + (5551782629862749606222766825148702970648737328776944989688349141*ddq2)/12554203470773361527671578846415332832204710888928069025792 + (5551782629862749801574563955356054850390387177304778856214393825*ddq3)/12554203470773361527671578846415332832204710888928069025792 - 130473/20, 0, 0, 0, ddq2/6582018229284824168619876730229402019930943462534319453394436096 - (5479753444908359*ddq1)/118571099379011784113736688648896417641748464297615937576404566024103044751294464 + ddq3/6582018229284824168619876730229402019930943462534319453394436096, ddq2/81129638414606681695789005144064 + ddq3/81129638414606681695789005144064, ddq1/81129638414606681695789005144064 + (4967757600021511*ddq2)/6582018229284824168619876730229402019930943462534319453394436096 + (4967757600021511*ddq3)/6582018229284824168619876730229402019930943462534319453394436096, ddq2 + ddq3, ddq1 + (4967757600021511*ddq2)/81129638414606681695789005144064 + (4967757600021511*ddq3)/81129638414606681695789005144064, (4967757600021511*ddq1)/81129638414606681695789005144064 + (24678615572571482867467662723121*ddq2)/6582018229284824168619876730229402019930943462534319453394436096 + (24678615572571482867467662723121*ddq3)/6582018229284824168619876730229402019930943462534319453394436096, (11626468746996226158085142713947*ddq2)/50216813883093446110686315385661331328818843555712276103168 - (1467204823558615903304467554719653312512155221393252249973033213*ddq1)/226156424291633194186662080095093570025917938800079226639565593765455331328 + (15211037662023965054636192448761*ddq3)/452312848583266388373324160190187140051835877600158453279131187530910662656 + (2065223692003852581956155417362688112759494137332424345568752581*ddq4)/32592575621351777380295131014550050576823494298654980010178247189670100796213387298934358016 - 2729816237613918987/570899077082383952423314387779798054553098649600, 0, 0, 0, ddq2/81129638414606681695789005144064 - (5479753444908359*ddq1)/1461501637330902918203684832716283019655932542976 + ddq3/81129638414606681695789005144064 + ddq4, ddq2 + ddq3 + (4967757600021511*ddq4)/81129638414606681695789005144064, ddq1 + (4967757600021511*ddq2)/81129638414606681695789005144064 + (4967757600021511*ddq3)/81129638414606681695789005144064 - (4967757600021511*ddq4)/81129638414606681695789005144064, (4967757600021511*ddq2)/81129638414606681695789005144064 + (4967757600021511*ddq3)/81129638414606681695789005144064 + (24678615572571482867467662723121*ddq4)/6582018229284824168619876730229402019930943462534319453394436096, (4967757600021511*ddq1)/81129638414606681695789005144064 + (24678615572571482867467662723121*ddq2)/6582018229284824168619876730229402019930943462534319453394436096 + (24678615572571482867467662723121*ddq3)/6582018229284824168619876730229402019930943462534319453394436096 - (24678615572571482867467662723121*ddq4)/6582018229284824168619876730229402019930943462534319453394436096, (24678615572571482867467662723121*ddq4)/6582018229284824168619876730229402019930943462534319453394436096 - (24678615572571482867467662723121*ddq2)/6582018229284824168619876730229402019930943462534319453394436096 - (24678615572571482867467662723121*ddq3)/6582018229284824168619876730229402019930943462534319453394436096 - (4967757600021511*ddq1)/81129638414606681695789005144064, (325784915391173131551401859890425464671948578603*ddq1)/100433627766186892221372630771322662657637687111424552206336 + (4341243560193428606143475904731223273432567798302850154356304293*ddq2)/100433627766186892221372630771322662657637687111424552206336 + (4341243560193428416268831965090425275357309255937324201951975257*ddq3)/100433627766186892221372630771322662657637687111424552206336 + (25415978426397471086829244181337*ddq4)/3618502788666131106986593281521497120414687020801267626233049500247285301248 + (3394656618497116957082394920070731453675515668729087948426448209*ddq5)/803469022129495137770981046170581301261101496891396417650688 - 12753/20, 0, 0, 0, ddq2/6582018229284824168619876730229402019930943462534319453394436096 - (5479753444908359*ddq1)/118571099379011784113736688648896417641748464297615937576404566024103044751294464 + ddq3/6582018229284824168619876730229402019930943462534319453394436096 + ddq4/81129638414606681695789005144064 + ddq5/6582018229284824168619876730229402019930943462534319453394436096, ddq2/81129638414606681695789005144064 + ddq3/81129638414606681695789005144064 + (4967757600021511*ddq4)/6582018229284824168619876730229402019930943462534319453394436096 + ddq5/81129638414606681695789005144064, ddq1/81129638414606681695789005144064 + (4967757600021511*ddq2)/6582018229284824168619876730229402019930943462534319453394436096 + (4967757600021511*ddq3)/6582018229284824168619876730229402019930943462534319453394436096 - (4967757600021511*ddq4)/6582018229284824168619876730229402019930943462534319453394436096 + (4967757600021511*ddq5)/6582018229284824168619876730229402019930943462534319453394436096, ddq2 + ddq3 + (4967757600021511*ddq4)/81129638414606681695789005144064 + ddq5, ddq1 + (4967757600021511*ddq2)/81129638414606681695789005144064 + (4967757600021511*ddq3)/81129638414606681695789005144064 - (4967757600021511*ddq4)/81129638414606681695789005144064 + (4967757600021511*ddq5)/81129638414606681695789005144064, (4967757600021511*ddq1)/81129638414606681695789005144064 + (24678615572571482867467662723121*ddq2)/6582018229284824168619876730229402019930943462534319453394436096 + (24678615572571482867467662723121*ddq3)/6582018229284824168619876730229402019930943462534319453394436096 - (24678615572571482867467662723121*ddq4)/6582018229284824168619876730229402019930943462534319453394436096 + (24678615572571482867467662723121*ddq5)/6582018229284824168619876730229402019930943462534319453394436096, 0, 0, 0, 0, ddq2/81129638414606681695789005144064 - (5479753444908359*ddq1)/1461501637330902918203684832716283019655932542976 + ddq3/81129638414606681695789005144064 + ddq4 + ddq5/81129638414606681695789005144064 + ddq6, ddq2 + ddq3 + (4967757600021511*ddq4)/81129638414606681695789005144064 + ddq5 + (2483878800010755*ddq6)/40564819207303340847894502572032, ddq1 + (4967757600021511*ddq2)/81129638414606681695789005144064 + (4967757600021511*ddq3)/81129638414606681695789005144064 - (4967757600021511*ddq4)/81129638414606681695789005144064 + 